g++     /home/ubuntu/workspace/AF/lab6-OrdStBST.cpp  -lcrypt -lcs50 -lm -o /home/ubuntu/workspace/AF/lab6-OrdStBST

                                                                           100[2]

                                                                                          99[1]

                                                            98[5]

                                                                           97[2]

                                                                                          96[1]

                                             95[11]

                                                                           94[2]

                                                                                          93[1]

                                                            92[5]

                                                                           91[2]

                                                                                          90[1]

                              89[24]

                                                                           88[2]

                                                                                          87[1]

                                                            86[5]

                                                                           85[2]

                                                                                          84[1]

                                             83[12]

                                                                           82[2]

                                                                                          81[1]

                                                            80[6]

                                                                                          79[1]

                                                                           78[3]

                                                                                          77[1]

               76[50]

                                                                           75[2]

                                                                                          74[1]

                                                            73[5]

                                                                           72[2]

                                                                                          71[1]

                                             70[12]

                                                                           69[2]

                                                                                          68[1]

                                                            67[6]

                                                                                          66[1]

                                                                           65[3]

                                                                                          64[1]

                              63[25]

                                                                           62[2]

                                                                                          61[1]

                                                            60[5]

                                                                           59[2]

                                                                                          58[1]

                                             57[12]

                                                                           56[2]

                                                                                          55[1]

                                                            54[6]

                                                                                          53[1]

                                                                           52[3]

                                                                                          51[1]

50[100]

                                                                           49[2]

                                                                                          48[1]

                                                            47[5]

                                                                           46[2]

                                                                                          45[1]

                                             44[11]

                                                                           43[2]

                                                                                          42[1]

                                                            41[5]

                                                                           40[2]

                                                                                          39[1]

                              38[24]

                                                                           37[2]

                                                                                          36[1]

                                                            35[5]

                                                                           34[2]

                                                                                          33[1]

                                             32[12]

                                                                           31[2]

                                                                                          30[1]

                                                            29[6]

                                                                                          28[1]

                                                                           27[3]

                                                                                          26[1]

               25[49]

                                                                           24[2]

                                                                                          23[1]

                                                            22[5]

                                                                           21[2]

                                                                                          20[1]

                                             19[12]

                                                                           18[2]

                                                                                          17[1]

                                                            16[6]

                                                                                          15[1]

                                                                           14[3]

                                                                                          13[1]

                              12[24]

                                                                           11[2]

                                                                                          10[1]

                                                            9[5]

                                                                           8[2]

                                                                                          7[1]

                                             6[11]

                                                                           5[2]

                                                                                          4[1]

                                                            3[5]

                                                                                          2[1]

                                                                           1[2]
